#MJD F Ferr
54918.03949074074 0.22342781140901224 0.009035392754174757
54922.018113425926 0.20700152360325602 0.0046273955459171226
54940.277453703704 0.23726056553892208 0.009031918555377593
54943.26329861111 0.23291028039028258 0.020784076274748306
54952.25234953704 0.2719815388800815 0.008090877198407963
54962.20377314815 0.31388416023457066 0.005673907884593157
54968.18798611111 0.3087807176916978 0.011521600693200679
55024.035208333335 0.30571337036315516 0.01775531735281761
55027.02674768519 0.26893669900492007 0.008425816633494254
55044.68518518518 0.24773943249649777 0.027205800237687774
55047.65896990741 0.2570023541706578 0.042949188005269374
55050.650868055556 0.25749613538161775 0.03464563651592852
55056.634571759256 0.22520889019777093 0.013607818670963303
55059.62613425926 0.22514730312083872 0.009772089335765755
55062.61775462963 0.21909203185455384 0.004678487894682202
55065.60965277778 0.20149969984059068 0.03916098557142407
55080.87106481481 0.19549206112920178 0.016521965465608135
55089.84559027778 0.19222213678111288 0.020899066247719207
55092.8380787037 0.18543164587595176 0.010611699805701572
55095.82989583333 0.19579011801119436 0.011682737833279793
55098.82087962963 0.21001866127791524 0.006595082745262109
55101.81288194445 0.2217203231287663 0.006426455246910437
55107.796377314815 0.24158189657428963 0.02301122167385867
55111.79824074074 0.2398742123635629 0.019568376598731282
55114.77732638889 0.2576790527810215 0.015570731882966074
55142.70024305556 0.3263311586093745 0.013498426909430065
55149.68314814815 0.34129576541310236 0.013712531646557221
55152.68895833333 0.37980133854261205 0.03489457055602335
55155.680810185186 0.39177729526604893 0.021752230718682354
55158.672743055555 0.41642585863217624 0.01627866689879801
55165.653703703705 0.4622231367973513 0.007960183968604607
55174.628657407404 0.5173648564551664 0.010829803830118346
55177.62111111111 0.45910626184151065 0.059510489550959306
55181.62726851852 0.48324724163182126 0.010221811447064513
55184.60159722222 0.47313613890351675 0.025274359967939877
55191.58219907407 0.39653687249740566 0.018888459924522913
55198.56318287037 0.3664040421260698 0.009010222376459346
55201.55502314815 0.3581383464771699 0.020451883975270802
55204.55763888889 0.29598548330632923 0.012428266424208575
55207.552777777775 0.3345234478859651 0.02270394649855064
55213.5366087963 0.3111026765926706 0.013103654420847858
55216.5297337963 0.2942567261610182 0.006795716992128656
55220.517534722225 0.26124353860285 0.01990729710874314
55223.50885416667 0.26385654339340125 0.015473948727823516
55226.50104166667 0.2784426852179091 0.03635091118859681
55229.49270833333 0.2642862580806521 0.014038945492835367
55239.46518518519 0.2653789171905267 0.01719915816417741
55242.45710648148 0.2682665961474236 0.01154204706448541
55245.449108796296 0.24992988616738704 0.045989595752826934
55248.44320601852 0.26681886685939143 0.03885611407904131
55251.43236111111 0.2385406140015757 0.013212358546987588
55258.411215277774 0.22670625361687086 0.03946947006454256
55261.408900462964 0.22952351747403416 0.0056652258924935325
55273.03943287037 0.21226340596972287 0.019922523139270374
55277.028912037036 0.23239821778699365 0.014678968014360949
55292.324953703705 0.2523737949351834 0.0260267490572814
55313.242106481484 0.2556639850207769 0.041129121824090356
55324.216145833336 0.29020449882006943 0.058197359003543885
55331.195868055554 0.2550740777046026 0.023008972576552537
55351.11116898148 0.2505843107601304 0.011427362980456504
55354.11320601852 0.2402576474127215 0.012449782548875571
55381.02918981481 0.25708375419687884 0.08246500770298318
55432.603796296295 0.24071485478405452 0.006514849668617089
55436.63369212963 0.24420801995961855 0.00558139452300912
55440.62384259259 0.2611880449072745 0.03718154854480399
55444.60519675926 0.25628647045836933 0.01898450698379271
55448.603159722225 0.29180343136095904 0.021555220687276007
55452.58306712963 0.2718629050826323 0.019653204918759954
55456.58074074074 0.25666629191463614 0.008030711796524079
55464.54987268519 0.2804064087642697 0.025657875616995434
55468.539513888885 0.28725629167478617 0.015405494180667365
55490.48099537037 0.4098303396047194 0.024288989574456684
55495.46532407407 0.4378983271365715 0.010630079505463522
55503.44322916667 0.44762913551921707 0.017639451909496656
55519.70414351852 0.46057641302311597 0.011826614325538904
55525.395 0.44736937287451367 0.011973305337763295
55538.6659375 0.480961623103151 0.008660370795277606
55578.52715277778 0.27508653885776035 0.00884003765022223
55582.51975694444 0.26787916763773273 0.0290882010055435
55585.50755787037 0.2600096027061292 0.008123014509091432
55597.48954861111 0.2399178292229385 0.02321810304548575
55601.47056712963 0.23694019530823615 0.004714770691479226
55605.45790509259 0.23711870045266037 0.0053814637214379965
55613.43420138889 0.23398778601778125 0.0050952233998670686
55616.42349537037 0.22525492642308123 0.008411028008974456
55620.42766203704 0.22863672085275483 0.008175836624809764
55623.410844907405 0.21372104965572317 0.008330475941781783
55642.36751157408 0.2756042310994897 0.1165190301143616
55657.000543981485 0.23546759998971767 0.005161972915553909
55659.99587962963 0.23697311361335627 0.0107467993623195
55662.99564814815 0.2431200007862997 0.02787195390338741
55665.97605324074 0.2312652414443006 0.006565247148701583
55683.92731481481 0.21053403189757416 0.02974470395955677
55686.918854166666 0.21087390029157055 0.02085692831851943
55692.90207175926 0.22837940761589562 0.01865272167161294
55709.85391203704 0.24617819595251028 0.015049322593859382
55721.82125 0.2645830883826687 0.010980788754776922
55724.8065625 0.2760287622995664 0.006209574784681863
55728.79439814815 0.2628141797936915 0.012511626051709789
55732.783217592594 0.2572199632432252 0.009600699701661553
55735.77545138889 0.25481608471655837 0.006115077556053083
55738.78303240741 0.24315351419036726 0.005033532195325435
55744.76431712963 0.22282087291795213 0.04255176657809362
55751.736226851855 0.22319752340495344 0.019803228123735202
55754.737546296295 0.20284905690613403 0.0250351554634416
55758.737395833334 0.21017707100413444 0.024576522992776195
55764.71173611111 0.18103296846578465 0.0073611345566289765
55767.69490740741 0.17299740850376438 0.004305367019050984
55770.70085648148 0.1766248528042026 0.019558702288772926
55777.683217592596 0.1805214786188418 0.023617013984284667
55780.67219907408 0.17999071951878617 0.015318946551692027
55782.66013888889 0.19168835372377216 0.005560555095351973
55786.643275462964 0.1900660648731844 0.008695742248669756
55793.628483796296 0.21370227935474526 0.005970963328334282
55796.621724537035 0.23453242602346172 0.010472955004641628
55800.60465277778 0.22845067438412645 0.004628111607504539
55807.59112268518 0.241553688310834 0.007680888488652959
55810.5937962963 0.23673730154967385 0.009815958934441928
55817.56302083333 0.2831998408487095 0.07579967653524187
55821.56302083333 0.24507295696863524 0.010138949169883857
55824.554074074076 0.22709488674225056 0.017779053648074885
55828.530381944445 0.24537228014409646 0.00771072649510939
55831.52594907407 0.24034248192756935 0.020234841231417215
55835.53167824074 0.25214290665694294 0.021701228454350616
55845.79684027778 0.26368211724393165 0.024647319075094612
55852.77674768519 0.27710697297371945 0.006392478981226737
55856.46644675926 0.27184136092778954 0.006857316751418731
55859.46549768518 0.2663752630836546 0.007987603630130213
55863.45425925926 0.2642167341997477 0.004576848538848002
55866.44315972222 0.27013814536842384 0.013997041187956806
55873.415555555555 0.24253724771464424 0.01293245959394576
55880.389918981484 0.23605941995784985 0.047303512647676606
55884.402233796296 0.22982384475859452 0.0394974293107901
55891.3702662037 0.23324111005135265 0.0044894703843300614
55894.36486111111 0.22978575894363537 0.00949159613262409
55904.628333333334 0.2025552384775392 0.006794500801098165
55907.6634375 0.20323428600232357 0.01621210801966599
55911.63711805556 0.19645404298285274 0.004869097800790936
55918.62752314815 0.20768809745881853 0.019739169338384113
55921.58542824074 0.2129386121975609 0.012439630948696311
55924.55784722222 0.22844758425468253 0.007269300871948634
55925.5625462963 0.21550766273936844 0.01509261331318264
55928.594930555555 0.22070443985872754 0.009030705952481552
55932.55003472222 0.2193201526682525 0.005304951121197364
55933.26987268519 0.21864056239075755 0.011567189333467282
55936.54540509259 0.22279652078723208 0.005126963776207524
55940.25038194445 0.22715279607867192 0.009022779032773797
55943.522314814814 0.2240006498949413 0.007680543496125847
55954.22918981482 0.1952097789787539 0.010974949666366043
55957.459178240744 0.1945248056414422 0.00567782240372337
55961.192719907405 0.1745271148489711 0.005565680027099961
55968.17383101852 0.16243944424896734 0.012665588263686318
55970.44064814815 0.1632699265599457 0.01147184190661558
55976.14829861111 0.14556677179899022 0.0050177062647229495
55980.407118055555 0.15500417101516228 0.017302529880222694
55982.14925925926 0.1504533790339832 0.003608327493053305
55985.43934027778 0.1571543151866094 0.017188899224401446
55996.10296296296 0.17954925631109436 0.02908541791455419
55999.40583333333 0.2046777863365302 0.017627685408244814
56006.36137731482 0.24267409084713165 0.012699395869329829
56015.05043981481 0.27817915080705435 0.014181985676125483
56020.35643518518 0.3028316163508917 0.01242861293411335
56027.33746527778 0.3375335825954303 0.005296688331625075
56034.31233796296 0.35910141565185744 0.016782373503489347
56041.2950462963 0.3744760567847559 0.022370239269051972
56044.25597222222 0.37656257952656896 0.008508506721170614
56044.960856481484 0.38397524052725746 0.01879478504184168
56048.27787037037 0.3763347513884056 0.015419597783231664
56054.20369212963 0.3805207491629303 0.011390138415856578
56057.94855324074 0.36696182923355325 0.021675829841327744
56063.267060185186 0.3696375801537865 0.01299350285051607
56096.82278935185 0.2876426516035616 0.010035936531659108
56107.77570601852 0.28612148744211685 0.005245971228725684
56117.76458333333 0.2692552882958321 0.011637213390548818
56128.735138888886 0.2630937511762322 0.01308111312151383
56141.68951388889 0.23318809001913268 0.005826158046083313
56146.96839120371 0.24688323610215393 0.008672913331801323
56147.65607638889 0.24199846868147185 0.015670912848909174
56150.669594907406 0.2475991959963952 0.012820889463509306
56151.63983796296 0.24204742886916975 0.01390968768523062
56154.649988425925 0.2322136747450083 0.07491768920990607
56185.89619212963 0.3035545431472543 0.015386637645877835
56194.551412037035 0.31888495396865413 0.035237089379605936
56199.80068287037 0.36088828667404904 0.00976394592323643
56200.57175925926 0.345145147454271 0.006498329482197491
56207.486597222225 0.37088927231066754 0.006777126685137334
56221.81017361111 0.37142622410455656 0.006536881186814624
56227.74469907407 0.3282633181317668 0.019504538549363744
56230.49359953704 0.32511607985946456 0.026064935390592903
56234.73364583333 0.3242415817120771 0.0074723715111011365
56237.71925925926 0.3278975665061666 0.012469978097639906
56241.40253472222 0.32253184677320323 0.014980943149189697
56246.690787037034 0.33293400632994047 0.0063680777333552235
56254.717685185184 0.2993774660332077 0.00486402683593858
56256.34395833333 0.28537994397585953 0.023540427216161414
56259.335439814815 0.26713789354378054 0.018604596969934422
56267.6112037037 0.24560710083642467 0.02350157471998928
56270.30548611111 0.24955048592514187 0.02702698645256527
56277.27923611111 0.27480604439456024 0.008257477655052787
56282.606840277775 0.2891803138534484 0.005818148342199437
56291.61777777778 0.3077368130573927 0.022020572792587713
56314.22149305556 0.245544368975651 0.024847865731148687
56319.183530092596 0.2381006568420932 0.011804969548430513
56325.544074074074 0.187037968388057 0.053488194694365526
56331.16113425926 0.19897748905081278 0.006927401286376844
56342.45025462963 0.17270655597560375 0.02255770419070014
56345.44527777778 0.16826825150232255 0.004883267437473783
56353.472233796296 0.14263771331238584 0.004195224454442365
56363.41743055556 0.13519538199893152 0.012907359684167315
56380.320127314815 0.1288190873517314 0.016748997444851497
56407.29016203704 0.19193218790380764 0.008335859954504629
56410.250081018516 0.22960144690475354 0.0261168670443616
56433.224328703705 0.43317096867201266 0.017541941879450604
56466.1121875 0.5288671736825826 0.008065095691129844
56469.751655092594 0.45610385236968143 0.02981304238728472
56480.75424768519 0.3756851399033163 0.012683795081158243
56486.74626157407 0.3723620003637366 0.03569263804860331
56542.937939814816 0.3127858988397828 0.039453337192467755
56545.913981481484 0.388713421843264 0.04586508433692927
56549.89350694444 0.41946588508646976 0.024026162704145638
56553.86053240741 0.4272410968157288 0.022000143107818598
56565.86326388889 0.41714795084613415 0.023728122281182484
56570.80443287037 0.395590224999306 0.007708602598148882
56573.829097222224 0.355923226446352 0.03092666256638795
56581.526192129626 0.31040153544422655 0.01695503330514316
56583.81545138889 0.3290152377526346 0.005988975183661867
56591.734131944446 0.3339319042644034 0.00923362653848962
56598.74482638889 0.3425649610996721 0.009194485087002286
56604.404340277775 0.3178774706216814 0.007510184922078961
56615.715902777774 0.33461126545624387 0.026019945523181043
56622.33603009259 0.3140731457392143 0.006156929412505322
56625.357199074075 0.2832400116823033 0.017450643812953196
56629.65069444444 0.28269375559208126 0.020089427625370436
56641.660358796296 0.28268701355457215 0.015259036267252009
56648.622569444444 0.2903209208249933 0.025405130862034192
56651.55998842593 0.29134814244927304 0.004902522284764641
56656.588912037034 0.3042672542899566 0.007709887625071238
56660.261782407404 0.2955168041427781 0.015824660362249162
56677.511030092595 0.3333858593215368 0.019845957462070147
56682.491631944446 0.3328708334654831 0.01461150071578832
56686.49859953704 0.32640437359637303 0.02192291567067374
56691.472650462965 0.31915148372978924 0.019959437913029815
56692.18116898148 0.32238643243048964 0.018632020102373203
56695.440671296295 0.3139835875733157 0.006665351293376912
56700.44939814815 0.3537390605275157 0.006037705762685151
56701.15929398148 0.3546493163174971 0.024972679134908592
56707.17697916667 0.3457579931188601 0.024793779128226587
56711.42806712963 0.35659016283519046 0.012223239787595949
56730.07408564815 0.37508774582009324 0.006618851751056235
56733.32828703704 0.3720037089127691 0.006823962424413913
56740.0315162037 0.37972666545795053 0.014983638264796286
56763.34857638889 0.3614142573554656 0.009871616878673566
56777.26356481481 0.3349025689480016 0.01916103536799996
56870.034583333334 0.2942575412095605 0.012633407127335803
56903.940405092595 0.33393416322136915 0.03815857554142678
56929.87043981482 0.36777372670981434 0.012728992229064207
56933.864270833335 0.33611255402446044 0.013705990252027258
56937.856307870374 0.3601602513609285 0.011252729546715492
56941.83378472222 0.3343536594360209 0.014426942774830904
56949.815 0.3270767722583407 0.010450383640302997
56950.78303240741 0.3199515156351651 0.010245781325908676
56962.74321759259 0.454695486255598 0.050578185082264956
56971.754745370374 0.4947306209371432 0.07015073036193648
56975.745046296295 0.44249651249265554 0.012992645975692527
56980.70922453704 0.5690802170615759 0.02956332579440872
56985.718125 0.4283368434219877 0.014803260158037488
56991.67517361111 0.4236309344824774 0.013138423726128294
57014.61211805556 0.44228266945982886 0.02143025746820284
57019.62513888889 0.44258067718799243 0.012206704402381361
57024.60445601852 0.4348832749257461 0.017434367938178614
57029.59369212963 0.416398897420815 0.013397826315797785
57044.55694444444 0.38045481557105404 0.018992794953369332
57055.527291666665 0.4184520693077908 0.01474127198320912
57066.50685185185 0.39177527579828936 0.012784599756860525
57073.49050925926 0.42765595241590615 0.022927349750634943
57082.421423611115 0.4147552502964648 0.02149413487839844
57088.40734953704 0.44164509817355013 0.02323983255701709
57093.423414351855 0.47376134367241773 0.013803848576922838
57105.39435185185 0.5520666674187635 0.01311574393738905
57110.37681712963 0.5572607804379613 0.01569140418358008
57116.35979166667 0.510330894939103 0.014238186994687018
57148.24018518518 0.3970700690692303 0.01560558895280228
57152.92071759259 0.35547562231480995 0.013831681498095164
57227.69429398148 0.3247194374689624 0.008120916880666872
57249.642962962964 0.363983364576116 0.014256610275899041
57255.60957175926 0.3949980615970923 0.016000004455609822
57262.6046875 0.39390092885531125 0.011282504154677105
57264.66030092593 0.3893027300201002 0.013385802547538165
57270.571805555555 0.350842722800894 0.012956994676369626
57273.569918981484 0.3347835964378799 0.013923409255147404
57285.55712962963 0.2764469214927716 0.014657289877268437
57289.54944444444 0.2553356393049545 0.012113083268185628
57293.522141203706 0.2835209368025076 0.013858785227578392
57305.488587962966 0.2548449168150802 0.013117618374871118
57309.470405092594 0.2851113128957834 0.048344162044454665
57318.48118055556 0.30007106170182013 0.010834563581382708
57352.38905092593 0.39430540773399436 0.005248087489431086
57356.365266203706 0.37035349754230434 0.005111883473934634
57365.33391203704 0.3265674920991034 0.004298165576032339
57369.322175925925 0.30752616240872804 0.004200016490182671
57377.300405092596 0.2943031598617387 0.003942950956861025
57382.27821759259 0.2762060513862544 0.005465840783370398
57386.28650462963 0.2784874573184686 0.004225190416836845
57396.25403935185 0.3025441563100148 0.0044767357811713255
57400.22541666667 0.30054016637280084 0.006504571404536151
57405.23037037037 0.32946165009670747 0.004559826306369187
57415.53664351852 0.3518932043644638 0.0049261811977065
57428.17130787037 0.34740205564553234 0.005303928664613129
57465.081458333334 0.31109676903824873 0.005979363784179826
57474.05670138889 0.3221598362572067 0.004305555565902333
57526.9084375 0.29906943124466734 0.004596074231324379
57563.80971064815 0.26907375110035353 0.004195478789307517
57568.766377314816 0.2759286052308631 0.0038797273572972325
57569.76361111111 0.2745712398934487 0.00460606612827161
57571.75797453704 0.27546152138905644 0.0052550805908376545
57574.768472222226 0.2643668982055555 0.0038952721353659866
57582.73241898148 0.27550370214795356 0.003821137618884749
57590.71596064815 0.284873636976247 0.00462427915489718
57595.68263888889 0.2935798063202561 0.004012722592687659
57604.66458333333 0.2968863328037024 0.004206042865977146
57611.63743055556 0.3106216880548339 0.004517128074639813
57619.62033564815 0.32809238548699027 0.007020125005429111
57625.60954861111 0.31751927957817305 0.00441637404255616
57631.63569444444 0.317129013325914 0.004142106700963905
57634.582349537035 0.32113329479225433 0.0044571989470090145
57637.56354166667 0.32580545181296106 0.005134076947583819
57648.555127314816 0.35327974509180105 0.004685810423980684
57650.53865740741 0.3452047111040534 0.0075892262481692925
57656.544594907406 0.35902420349439534 0.005100726509409695
57659.52074074074 0.3519482396172796 0.0048044864213455316
57671.490208333336 0.3682470351701503 0.005740080714907094
57676.45743055556 0.3367714059909432 0.007088873593125773
57684.46827546296 0.32265842861468513 0.004342440792262429
57687.45638888889 0.31604452993378557 0.007634418478918391
57690.438043981485 0.2961514719184214 0.004348852759865577
57695.42790509259 0.2773270751453892 0.0043143580088459655
57703.40149305556 0.26877407145208526 0.0038874384061145565
57717.36033564815 0.32749558820008 0.0044456749795554
57723.380208333336 0.32585690079834234 0.004705785575719228
57732.62446759259 0.4052593389567717 0.018153121543767362
57740.62359953704 0.4026943715240744 0.005414787505565712
57747.30438657408 0.4034169725768339 0.007415946966164678
57783.19216435185 0.4795196227403286 0.0061639931689585915
57785.17600694444 0.4729204499350034 0.006131336243545086
57798.161840277775 0.4473956827970951 0.007769030679119712
57811.09877314815 0.44639295249475114 0.005764852773451976
57819.06650462963 0.4484503809455169 0.006140262174533777
57864.9458912037 0.3283357924572515 0.005546386973140702
57882.94184027778 0.30638768078969425 0.004488268349494572
57910.81783564815 0.32169324373797875 0.0048119690964897885
57943.71597222222 0.2846024816301878 0.004413778354717622
57950.73846064815 0.2663214284257778 0.004397705077993144
57991.63768518518 0.263720796259728 0.004058011318556585
57994.620104166665 0.2639191383613879 0.011594599447711448
57997.593668981484 0.2906624812025686 0.004429943090207132
58009.5762962963 0.3286640924152101 0.004976770548423576
58023.532546296294 0.2917510842739176 0.004446851073554075
58037.48755787037 0.24198802147061593 0.00408792908154561
58041.482511574075 0.23817426903951017 0.003466566652766652
58059.41626157407 0.24650363805932532 0.0038190003447549745
58066.43256944444 0.2566098280682876 0.004371420681245647
58072.414768518516 0.2657165540002423 0.004401639804093456
58082.37934027778 0.2805881933819079 0.004559033337915093
58087.36451388889 0.3098070884570996 0.004505801737801898
58098.31994212963 0.32159879931030394 0.004688712855183829
58105.29148148148 0.3098199161704067 0.00957640668226129
58121.25928240741 0.2966632755074928 0.004096920897677662
58132.26032407407 0.29981612266483937 0.005970308134173863
58135.202060185184 0.31341942378144183 0.004042697624025189
58141.189571759256 0.30143790958307615 0.004370525181811861
58149.22246527778 0.28465113305157286 0.004047439570752456
58155.17791666667 0.2700141714031044 0.00594466132769803
58167.10513888889 0.2665020001307912 0.00518527781365257
58213.323275462964 0.2833081079774714 0.0037156993954299907
58217.99582175926 0.27263157795477566 0.0037665120327815605
58229.95469907407 0.29504604677929475 0.004704044027864518
58231.98479166667 0.2922383933977695 0.004157561654072424
58291.81306712963 0.35096636794444874 0.005318865977992128
58305.72556712963 0.3918916481624131 0.005877590429938207
58319.74125 0.39449901519195535 0.013210913747010836
58326.708090277774 0.33342715446175547 0.004616611426138181
58409.74592592593 0.2793896746530925 0.008309102711226174
58412.44991898148 0.27259991078619367 0.009814308935967854
58416.45560185185 0.26962168856824414 0.0037223296986233795
58426.464050925926 0.24734708154646826 0.003828096544152516
58435.46252314815 0.23857519020651008 0.0035405178844969652
58440.419490740744 0.256683092458275 0.0033944253840831476
58443.38428240741 0.2607695429397608 0.0034146017860296725
58446.36388888889 0.2502577135451506 0.0034103416151890957
58454.32898148148 0.26167289978159436 0.004367679724609952
58457.32087962963 0.25804862610078505 0.003394890197301073
58460.328518518516 0.24619491395273543 0.004605902220578028
58467.31155092592 0.27857157648820835 0.003823054228785908
58473.270902777775 0.287187447582781 0.003966601375283316
58475.285949074074 0.27982114013970216 0.00484487625288349
58482.292766203704 0.2985797985255365 0.004070922539293856
58486.30496527778 0.30125038933894904 0.003877022927852655
58491.23006944444 0.31329434838039816 0.0040988663275026245
58495.227951388886 0.32071777189593653 0.004353156289577155